    102	16 Jun 2016
     33	17 Jun 2016
     24	18 Jun 2016
      6	19 Jun 2016
     48	20 Jun 2016
     73	21 Jun 2016
     75	22 Jun 2016
    109	23 Jun 2016
     97	24 Jun 2016
     50	25 Jun 2016
     74	26 Jun 2016
     52	27 Jun 2016
    112	28 Jun 2016
    295	29 Jun 2016
    105	30 Jun 2016
     26	01 Jul 2016
     12	07 Jul 2016
      9	08 Jul 2016
     11	13 Jul 2016
     38	14 Jul 2016
     21	15 Jul 2016
     56	16 Jul 2016
     51	18 Jul 2016
     29	19 Jul 2016
     15	20 Jul 2016
      1	21 Jul 2016
      1	22 Jul 2016
     45	23 Jul 2016
     49	25 Jul 2016
     25	26 Jul 2016
      9	30 Jul 2016
     50	04 Aug 2016
     18	06 Aug 2016
      6	07 Aug 2016
      4	09 Aug 2016
     10	11 Aug 2016
     18	13 Aug 2016
      4	15 Aug 2016
      6	19 Aug 2016
      5	20 Aug 2016
     69	21 Aug 2016
     29	23 Aug 2016
      2	24 Aug 2016
      3	25 Aug 2016
     43	26 Aug 2016
     10	27 Aug 2016
     10	28 Aug 2016
     74	31 Aug 2016
     42	01 Sep 2016
     13	02 Sep 2016
     11	03 Sep 2016
     15	04 Sep 2016
      5	05 Sep 2016
     46	06 Sep 2016
     29	07 Sep 2016
     12	08 Sep 2016
     84	10 Sep 2016
     63	11 Sep 2016
    127	12 Sep 2016
     85	13 Sep 2016
     40	14 Sep 2016
     46	15 Sep 2016
     23	16 Sep 2016
      9	17 Sep 2016
    105	18 Sep 2016
     52	19 Sep 2016
     63	20 Sep 2016
      7	21 Sep 2016
     14	22 Sep 2016
     33	23 Sep 2016
     17	24 Sep 2016
    110	25 Sep 2016
     16	26 Sep 2016
     13	27 Sep 2016
     13	28 Sep 2016
      2	29 Sep 2016
     19	30 Sep 2016
     43	01 Oct 2016
     69	02 Oct 2016
     68	03 Oct 2016
    105	04 Oct 2016
     73	05 Oct 2016
     45	06 Oct 2016
     33	07 Oct 2016
      5	08 Oct 2016
     68	09 Oct 2016
     22	10 Oct 2016
     46	11 Oct 2016
     19	12 Oct 2016
     16	13 Oct 2016
     35	14 Oct 2016
     14	17 Oct 2016
      6	18 Oct 2016
     19	20 Oct 2016
     24	21 Oct 2016
    124	23 Oct 2016
     58	24 Oct 2016
     18	25 Oct 2016
    125	27 Oct 2016
      7	28 Oct 2016
      9	29 Oct 2016
     76	30 Oct 2016
    156	31 Oct 2016
     82	01 Nov 2016
     48	02 Nov 2016
     40	03 Nov 2016
     17	04 Nov 2016
     85	06 Nov 2016
     12	07 Nov 2016
      9	08 Nov 2016
      9	09 Nov 2016
     35	10 Nov 2016
     38	11 Nov 2016
      3	12 Nov 2016
     28	13 Nov 2016
     30	14 Nov 2016
     13	15 Nov 2016
     18	16 Nov 2016
     18	17 Nov 2016
     28	18 Nov 2016
     13	19 Nov 2016
     71	20 Nov 2016
      9	21 Nov 2016
     75	22 Nov 2016
     51	23 Nov 2016
     53	24 Nov 2016
      2	25 Nov 2016
     36	26 Nov 2016
     64	27 Nov 2016
     83	28 Nov 2016
     41	30 Nov 2016
    182	01 Dec 2016
     48	02 Dec 2016
     27	03 Dec 2016
     25	04 Dec 2016
    107	05 Dec 2016
     36	06 Dec 2016
      1	07 Dec 2016
     28	08 Dec 2016
    105	09 Dec 2016
     20	10 Dec 2016
     38	11 Dec 2016
     35	12 Dec 2016
    100	13 Dec 2016
     88	14 Dec 2016
    134	15 Dec 2016
     45	16 Dec 2016
     97	17 Dec 2016
    151	18 Dec 2016
     74	19 Dec 2016
     81	20 Dec 2016
    108	21 Dec 2016
      6	22 Dec 2016
      1	23 Dec 2016
     16	24 Dec 2016
     16	25 Dec 2016
     29	26 Dec 2016
     22	28 Dec 2016
     10	29 Dec 2016
      5	30 Dec 2016
      9	31 Dec 2016
    107	01 Jan 2017
     82	02 Jan 2017
     14	03 Jan 2017
     83	04 Jan 2017
     57	05 Jan 2017
     73	08 Jan 2017
     57	09 Jan 2017
     99	10 Jan 2017
     83	11 Jan 2017
     34	12 Jan 2017
     12	14 Jan 2017
    188	15 Jan 2017
     17	16 Jan 2017
     16	17 Jan 2017
     44	18 Jan 2017
     28	19 Jan 2017
     10	20 Jan 2017
     21	21 Jan 2017
    142	22 Jan 2017
     28	23 Jan 2017
     22	24 Jan 2017
      5	25 Jan 2017
     31	26 Jan 2017
     21	27 Jan 2017
     38	29 Jan 2017
     28	30 Jan 2017
     70	31 Jan 2017
     92	01 Feb 2017
      8	02 Feb 2017
      7	04 Feb 2017
     57	05 Feb 2017
     20	06 Feb 2017
      7	07 Feb 2017
     22	08 Feb 2017
      2	09 Feb 2017
     19	12 Feb 2017
     47	13 Feb 2017
     32	14 Feb 2017
     23	15 Feb 2017
    133	16 Feb 2017
     84	18 Feb 2017
     38	19 Feb 2017
    102	20 Feb 2017
    118	21 Feb 2017
     35	22 Feb 2017
     20	23 Feb 2017
     22	24 Feb 2017
     40	25 Feb 2017
     25	26 Feb 2017
     28	27 Feb 2017
     70	01 Mar 2017
     36	02 Mar 2017
     12	03 Mar 2017
      7	05 Mar 2017
     58	06 Mar 2017
    124	07 Mar 2017
     66	08 Mar 2017
      7	09 Mar 2017
     14	11 Mar 2017
     56	12 Mar 2017
    144	13 Mar 2017
     63	14 Mar 2017
     61	15 Mar 2017
     40	16 Mar 2017
     48	17 Mar 2017
     21	18 Mar 2017
     90	19 Mar 2017
      9	20 Mar 2017
     30	21 Mar 2017
     60	22 Mar 2017
     42	23 Mar 2017
     74	24 Mar 2017
    109	25 Mar 2017
     10	26 Mar 2017
      6	27 Mar 2017
      6	28 Mar 2017
     39	29 Mar 2017
      2	30 Mar 2017
      9	31 Mar 2017
     60	02 Apr 2017
     43	03 Apr 2017
     43	04 Apr 2017
     22	05 Apr 2017
    102	06 Apr 2017
     38	07 Apr 2017
     10	08 Apr 2017
     69	09 Apr 2017
     50	10 Apr 2017
     63	11 Apr 2017
     16	12 Apr 2017
     12	14 Apr 2017
      6	15 Apr 2017
      2	16 Apr 2017
    119	17 Apr 2017
     66	18 Apr 2017
     29	19 Apr 2017
     13	20 Apr 2017
     14	21 Apr 2017
     10	22 Apr 2017
     36	23 Apr 2017
     10	24 Apr 2017
     36	25 Apr 2017
     21	26 Apr 2017
    100	27 Apr 2017
     17	29 Apr 2017
      2	30 Apr 2017
     33	01 May 2017
     19	02 May 2017
     23	04 May 2017
     44	05 May 2017
     11	07 May 2017
     53	08 May 2017
     20	09 May 2017
     41	10 May 2017
    129	11 May 2017
     51	12 May 2017
     16	13 May 2017
     45	14 May 2017
     23	15 May 2017
     22	16 May 2017
     26	17 May 2017
     23	18 May 2017
     50	19 May 2017
     18	20 May 2017
     41	21 May 2017
     42	22 May 2017
     17	23 May 2017
     32	24 May 2017
    123	25 May 2017
     16	26 May 2017
     44	28 May 2017
     34	29 May 2017
     48	30 May 2017
     46	31 May 2017
     82	01 Jun 2017
     18	02 Jun 2017
     13	03 Jun 2017
     63	04 Jun 2017
    311	05 Jun 2017
     39	06 Jun 2017
      4	07 Jun 2017
     20	08 Jun 2017
     10	09 Jun 2017
     13	10 Jun 2017
     15	11 Jun 2017
     13	12 Jun 2017
     42	13 Jun 2017
     58	14 Jun 2017
     15	15 Jun 2017
     22	16 Jun 2017
      2	17 Jun 2017
     19	18 Jun 2017
      6	20 Jun 2017
     15	21 Jun 2017
     14	22 Jun 2017
      5	23 Jun 2017
     19	24 Jun 2017
     35	25 Jun 2017
      4	26 Jun 2017
      4	27 Jun 2017
     12	28 Jun 2017
     14	29 Jun 2017
     36	30 Jun 2017
     52	01 Jul 2017
     19	02 Jul 2017
      4	03 Jul 2017
     20	04 Jul 2017
      1	05 Jul 2017
      4	07 Jul 2017
     10	08 Jul 2017
     21	14 Jul 2017
     34	21 Jul 2017
      8	23 Jul 2017
     10	24 Jul 2017
      2	27 Jul 2017
     46	31 Jul 2017
      8	01 Aug 2017
     30	02 Aug 2017
     31	04 Aug 2017
      7	05 Aug 2017
     24	06 Aug 2017
      3	07 Aug 2017
     21	11 Aug 2017
     10	15 Aug 2017
      7	19 Aug 2017
      7	25 Aug 2017
      3	31 Aug 2017
    125	01 Sep 2017
     42	02 Sep 2017
    123	03 Sep 2017
     53	04 Sep 2017
     29	05 Sep 2017
     69	06 Sep 2017
     22	07 Sep 2017
     25	08 Sep 2017
     26	09 Sep 2017
     19	10 Sep 2017
     28	11 Sep 2017
     31	12 Sep 2017
     33	13 Sep 2017
     26	14 Sep 2017
     49	15 Sep 2017
     10	16 Sep 2017
     89	17 Sep 2017
     34	18 Sep 2017
     13	19 Sep 2017
     41	20 Sep 2017
     16	21 Sep 2017
     24	22 Sep 2017
     35	24 Sep 2017
     35	25 Sep 2017
     26	26 Sep 2017
     20	27 Sep 2017
     80	28 Sep 2017
     40	29 Sep 2017
      7	30 Sep 2017
     36	01 Oct 2017
     24	02 Oct 2017
     19	03 Oct 2017
      8	04 Oct 2017
     16	05 Oct 2017
      5	06 Oct 2017
     10	07 Oct 2017
     17	08 Oct 2017
     14	09 Oct 2017
     41	10 Oct 2017
     38	11 Oct 2017
     15	12 Oct 2017
      2	13 Oct 2017
     20	14 Oct 2017
     41	15 Oct 2017
     10	16 Oct 2017
     26	17 Oct 2017
     25	18 Oct 2017
     12	19 Oct 2017
     19	20 Oct 2017
     69	21 Oct 2017
     70	22 Oct 2017
     79	23 Oct 2017
     60	24 Oct 2017
     16	25 Oct 2017
     27	26 Oct 2017
     49	27 Oct 2017
     44	28 Oct 2017
     69	29 Oct 2017
     21	30 Oct 2017
     17	31 Oct 2017
    150	01 Nov 2017
     74	02 Nov 2017
     27	03 Nov 2017
     42	05 Nov 2017
     23	07 Nov 2017
     35	08 Nov 2017
     21	09 Nov 2017
      9	10 Nov 2017
     21	12 Nov 2017
      1	13 Nov 2017
     49	14 Nov 2017
     31	15 Nov 2017
      5	16 Nov 2017
      8	17 Nov 2017
     27	18 Nov 2017
     27	19 Nov 2017
     24	20 Nov 2017
     78	21 Nov 2017
     33	22 Nov 2017
     22	23 Nov 2017
     26	24 Nov 2017
     25	25 Nov 2017
     44	26 Nov 2017
     57	27 Nov 2017
     81	28 Nov 2017
     51	29 Nov 2017
     29	30 Nov 2017
      6	01 Dec 2017
     16	02 Dec 2017
     68	03 Dec 2017
     16	04 Dec 2017
     45	05 Dec 2017
     60	06 Dec 2017
      4	07 Dec 2017
      7	08 Dec 2017
      9	09 Dec 2017
     54	10 Dec 2017
     38	11 Dec 2017
      5	12 Dec 2017
     50	13 Dec 2017
     47	14 Dec 2017
     16	15 Dec 2017
     16	16 Dec 2017
     37	17 Dec 2017
     81	18 Dec 2017
     22	19 Dec 2017
     60	20 Dec 2017
     60	21 Dec 2017
     19	22 Dec 2017
     24	25 Dec 2017
     24	26 Dec 2017
     51	27 Dec 2017
     11	28 Dec 2017
      4	30 Dec 2017
      3	31 Dec 2017
      6	01 Jan 2018
     73	02 Jan 2018
     37	03 Jan 2018
     34	04 Jan 2018
     20	06 Jan 2018
     35	07 Jan 2018
      8	09 Jan 2018
     40	10 Jan 2018
     34	11 Jan 2018
      6	12 Jan 2018
    100	13 Jan 2018
     62	14 Jan 2018
     27	15 Jan 2018
     12	16 Jan 2018
      7	17 Jan 2018
     21	18 Jan 2018
     44	19 Jan 2018
     16	20 Jan 2018
     61	23 Jan 2018
     25	24 Jan 2018
     41	25 Jan 2018
     14	26 Jan 2018
    108	27 Jan 2018
     13	28 Jan 2018
      6	29 Jan 2018
     34	30 Jan 2018
     21	31 Jan 2018
      1	01 Feb 2018
      4	02 Feb 2018
     18	03 Feb 2018
     13	04 Feb 2018
     15	05 Feb 2018
     22	07 Feb 2018
      9	08 Feb 2018
      8	09 Feb 2018
     18	10 Feb 2018
     32	11 Feb 2018
     32	12 Feb 2018
     55	13 Feb 2018
     17	14 Feb 2018
     43	15 Feb 2018
     23	16 Feb 2018
     12	17 Feb 2018
     43	18 Feb 2018
    210	19 Feb 2018
      5	20 Feb 2018
     13	22 Feb 2018
     38	23 Feb 2018
      6	24 Feb 2018
     16	25 Feb 2018
     72	26 Feb 2018
     17	27 Feb 2018
     15	28 Feb 2018
     11	01 Mar 2018
     10	02 Mar 2018
     40	04 Mar 2018
     65	05 Mar 2018
     58	06 Mar 2018
     47	07 Mar 2018
     28	08 Mar 2018
     10	09 Mar 2018
     20	10 Mar 2018
     33	11 Mar 2018
     14	13 Mar 2018
     46	14 Mar 2018
      2	15 Mar 2018
      4	16 Mar 2018
      7	17 Mar 2018
     63	18 Mar 2018
      8	19 Mar 2018
     53	20 Mar 2018
     74	21 Mar 2018
     51	22 Mar 2018
      9	23 Mar 2018
     32	25 Mar 2018
     47	26 Mar 2018
     33	27 Mar 2018
      9	28 Mar 2018
      9	30 Mar 2018
      4	31 Mar 2018
     20	01 Apr 2018
      9	02 Apr 2018
      6	03 Apr 2018
     20	04 Apr 2018
     28	05 Apr 2018
      4	07 Apr 2018
     25	08 Apr 2018
      9	09 Apr 2018
      6	10 Apr 2018
     22	11 Apr 2018
     11	12 Apr 2018
     19	15 Apr 2018
     18	16 Apr 2018
      4	17 Apr 2018
     68	19 Apr 2018
     91	22 Apr 2018
     24	23 Apr 2018
      3	24 Apr 2018
     46	25 Apr 2018
     14	26 Apr 2018
      8	29 Apr 2018
      4	30 Apr 2018
      5	01 May 2018
     16	02 May 2018
     39	03 May 2018
      4	04 May 2018
     40	06 May 2018
      4	07 May 2018
     21	08 May 2018
      7	09 May 2018
      2	10 May 2018
     37	11 May 2018
      8	12 May 2018
     35	13 May 2018
     22	14 May 2018
     20	15 May 2018
      8	16 May 2018
     35	17 May 2018
     13	18 May 2018
     11	19 May 2018
     29	21 May 2018
      1	22 May 2018
      9	23 May 2018
     47	24 May 2018
     63	25 May 2018
      3	26 May 2018
     29	27 May 2018
     44	28 May 2018
     17	29 May 2018
     14	30 May 2018
     27	31 May 2018
     23	01 Jun 2018
     20	02 Jun 2018
     37	03 Jun 2018
     26	04 Jun 2018
     30	05 Jun 2018
     17	06 Jun 2018
     34	07 Jun 2018
      5	08 Jun 2018
      7	09 Jun 2018
     67	10 Jun 2018
      4	11 Jun 2018
     74	13 Jun 2018
     70	14 Jun 2018
      2	15 Jun 2018
     54	16 Jun 2018
      3	17 Jun 2018
     32	18 Jun 2018
     34	19 Jun 2018
     14	20 Jun 2018
     14	21 Jun 2018
     16	22 Jun 2018
     16	23 Jun 2018
      7	24 Jun 2018
     14	25 Jun 2018
     53	26 Jun 2018
     50	27 Jun 2018
    102	28 Jun 2018
     54	29 Jun 2018
     33	30 Jun 2018
     52	01 Jul 2018
      8	02 Jul 2018
      1	04 Jul 2018
     14	05 Jul 2018
     11	06 Jul 2018
     20	07 Jul 2018
      9	08 Jul 2018
      7	09 Jul 2018
      8	10 Jul 2018
      5	11 Jul 2018
      3	12 Jul 2018
      1	13 Jul 2018
     13	14 Jul 2018
      1	15 Jul 2018
      6	16 Jul 2018
      2	17 Jul 2018
     13	20 Jul 2018
      2	21 Jul 2018
      5	25 Jul 2018
      4	30 Jul 2018
     17	02 Aug 2018
     21	04 Aug 2018
     38	05 Aug 2018
     14	07 Aug 2018
      6	08 Aug 2018
     10	09 Aug 2018
      2	10 Aug 2018
     11	11 Aug 2018
     11	13 Aug 2018
     69	14 Aug 2018
     12	15 Aug 2018
      7	16 Aug 2018
     68	17 Aug 2018
     14	18 Aug 2018
      1	25 Aug 2018
     10	26 Aug 2018
     20	31 Aug 2018
     31	01 Sep 2018
     35	03 Sep 2018
     26	04 Sep 2018
      2	05 Sep 2018
     20	06 Sep 2018
      9	07 Sep 2018
      2	08 Sep 2018
      5	09 Sep 2018
     29	10 Sep 2018
      8	11 Sep 2018
     98	12 Sep 2018
     20	13 Sep 2018
    110	14 Sep 2018
     39	15 Sep 2018
     30	16 Sep 2018
     55	17 Sep 2018
     44	18 Sep 2018
     21	19 Sep 2018
     50	20 Sep 2018
     27	21 Sep 2018
     11	22 Sep 2018
     55	23 Sep 2018
     37	24 Sep 2018
     77	25 Sep 2018
     27	26 Sep 2018
     11	27 Sep 2018
     43	28 Sep 2018
     10	29 Sep 2018
     38	30 Sep 2018
     23	01 Oct 2018
     26	02 Oct 2018
     40	03 Oct 2018
     16	04 Oct 2018
     11	05 Oct 2018
     25	06 Oct 2018
     38	07 Oct 2018
     78	08 Oct 2018
     27	09 Oct 2018
      7	10 Oct 2018
      1	11 Oct 2018
     22	12 Oct 2018
     14	13 Oct 2018
     43	14 Oct 2018
     19	15 Oct 2018
      8	16 Oct 2018
      4	17 Oct 2018
     28	18 Oct 2018
      7	19 Oct 2018
      3	20 Oct 2018
     27	21 Oct 2018
     36	22 Oct 2018
     26	23 Oct 2018
     24	24 Oct 2018
     50	25 Oct 2018
     25	26 Oct 2018
      9	27 Oct 2018
     22	28 Oct 2018
     89	30 Oct 2018
     21	31 Oct 2018
     73	01 Nov 2018
     64	02 Nov 2018
     29	03 Nov 2018
    190	04 Nov 2018
     25	05 Nov 2018
     30	06 Nov 2018
     21	07 Nov 2018
    182	08 Nov 2018
     40	09 Nov 2018
     52	10 Nov 2018
     48	11 Nov 2018
     76	12 Nov 2018
     20	13 Nov 2018
     30	14 Nov 2018
     29	15 Nov 2018
     29	16 Nov 2018
      8	17 Nov 2018
     37	18 Nov 2018
     67	19 Nov 2018
     74	20 Nov 2018
     58	21 Nov 2018
    154	22 Nov 2018
     51	23 Nov 2018
     76	24 Nov 2018
    133	25 Nov 2018
    124	26 Nov 2018
     67	27 Nov 2018
     62	28 Nov 2018
     68	29 Nov 2018
     24	30 Nov 2018
     34	01 Dec 2018
    132	02 Dec 2018
    204	03 Dec 2018
    155	04 Dec 2018
    119	05 Dec 2018
     35	06 Dec 2018
     75	07 Dec 2018
     73	08 Dec 2018
    162	09 Dec 2018
    194	10 Dec 2018
     32	11 Dec 2018
     10	12 Dec 2018
     45	13 Dec 2018
     36	14 Dec 2018
     17	15 Dec 2018
    168	16 Dec 2018
     36	17 Dec 2018
     28	18 Dec 2018
     16	19 Dec 2018
      3	20 Dec 2018
     38	21 Dec 2018
     20	22 Dec 2018
      2	24 Dec 2018
      3	03 Jan 2019
      2	04 Jan 2019
      6	05 Jan 2019
     56	06 Jan 2019
     25	07 Jan 2019
     15	08 Jan 2019
      1	09 Jan 2019
      5	10 Jan 2019
      3	12 Jan 2019
     43	13 Jan 2019
     18	14 Jan 2019
     24	15 Jan 2019
     23	16 Jan 2019
     12	17 Jan 2019
     17	18 Jan 2019
      6	19 Jan 2019
      5	20 Jan 2019
      8	21 Jan 2019
     15	22 Jan 2019
     10	23 Jan 2019
     22	24 Jan 2019
      5	25 Jan 2019
      1	26 Jan 2019
     19	27 Jan 2019
     14	28 Jan 2019
     10	29 Jan 2019
     16	30 Jan 2019
     42	01 Feb 2019
     70	02 Feb 2019
     70	03 Feb 2019
     32	04 Feb 2019
      2	06 Feb 2019
      2	08 Feb 2019
     44	10 Feb 2019
     25	11 Feb 2019
      4	12 Feb 2019
     15	13 Feb 2019
      7	14 Feb 2019
      2	15 Feb 2019
     25	17 Feb 2019
     24	18 Feb 2019
     10	19 Feb 2019
     16	20 Feb 2019
     10	21 Feb 2019
      2	22 Feb 2019
      9	23 Feb 2019
     18	24 Feb 2019
      9	25 Feb 2019
     42	26 Feb 2019
      4	27 Feb 2019
      2	28 Feb 2019
      2	01 Mar 2019
      1	02 Mar 2019
     47	03 Mar 2019
      4	04 Mar 2019
     20	06 Mar 2019
     20	07 Mar 2019
     25	08 Mar 2019
      3	09 Mar 2019
     11	10 Mar 2019
     13	11 Mar 2019
     43	12 Mar 2019
     24	13 Mar 2019
     17	14 Mar 2019
      3	15 Mar 2019
      2	16 Mar 2019
     37	18 Mar 2019
      9	19 Mar 2019
     10	20 Mar 2019
     39	21 Mar 2019
      1	22 Mar 2019
     16	24 Mar 2019
     14	26 Mar 2019
     29	27 Mar 2019
      2	28 Mar 2019
      3	29 Mar 2019
     51	31 Mar 2019
     24	01 Apr 2019
      1	02 Apr 2019
     12	03 Apr 2019
     15	04 Apr 2019
     14	05 Apr 2019
      1	06 Apr 2019
     35	07 Apr 2019
     24	08 Apr 2019
     15	09 Apr 2019
     58	10 Apr 2019
     34	11 Apr 2019
     11	12 Apr 2019
      3	13 Apr 2019
     12	14 Apr 2019
     19	15 Apr 2019
      1	16 Apr 2019
     71	19 Apr 2019
     57	20 Apr 2019
      4	21 Apr 2019
      6	22 Apr 2019
     52	23 Apr 2019
    134	24 Apr 2019
     80	25 Apr 2019
      9	26 Apr 2019
      4	27 Apr 2019
      4	28 Apr 2019
     20	29 Apr 2019
     68	01 May 2019
     70	02 May 2019
     37	03 May 2019
      2	05 May 2019
     42	07 May 2019
    121	09 May 2019
     34	10 May 2019
     12	11 May 2019
     11	12 May 2019
     84	13 May 2019
     45	15 May 2019
    145	16 May 2019
     77	17 May 2019
      6	18 May 2019
     80	19 May 2019
     55	20 May 2019
    105	21 May 2019
     73	22 May 2019
     58	23 May 2019
      7	24 May 2019
     38	25 May 2019
      2	26 May 2019
      8	27 May 2019
      9	28 May 2019
     14	29 May 2019
     25	30 May 2019
      7	02 Jun 2019
      2	03 Jun 2019
     12	05 Jun 2019
      8	06 Jun 2019
     31	07 Jun 2019
     15	11 Jun 2019
      3	13 Jun 2019
      8	14 Jun 2019
      6	18 Jun 2019
     17	19 Jun 2019
      3	21 Jun 2019
      6	27 Jun 2019
      1	30 Jun 2019
      1	01 Jul 2019
     11	04 Jul 2019
     19	08 Jul 2019
     43	09 Jul 2019
      4	10 Jul 2019
      2	13 Jul 2019
      1	17 Jul 2019
      2	24 Jul 2019
      2	26 Jul 2019
     10	27 Jul 2019
     16	28 Jul 2019
     15	29 Jul 2019
     14	30 Jul 2019
      3	31 Jul 2019
      4	01 Aug 2019
     21	02 Aug 2019
      2	03 Aug 2019
      9	05 Aug 2019
      5	06 Aug 2019
      3	10 Aug 2019
      2	11 Aug 2019
     11	15 Aug 2019
      4	16 Aug 2019
      7	19 Aug 2019
     13	26 Aug 2019
      2	02 Sep 2019
      1	03 Sep 2019
      4	04 Sep 2019
      1	13 Sep 2019
     15	16 Sep 2019
     33	20 Sep 2019
      1	21 Sep 2019
     52	23 Sep 2019
     32	24 Sep 2019
     24	25 Sep 2019
      5	27 Sep 2019
     18	02 Oct 2019
     19	03 Oct 2019
     18	08 Oct 2019
     16	10 Oct 2019
      5	12 Oct 2019
      1	14 Oct 2019
      6	16 Oct 2019
     29	17 Oct 2019
     28	18 Oct 2019
      2	19 Oct 2019
     13	20 Oct 2019
     19	22 Oct 2019
     13	23 Oct 2019
      9	24 Oct 2019
     19	26 Oct 2019
      5	28 Oct 2019
     15	30 Oct 2019
      1	02 Nov 2019
      2	03 Nov 2019
     36	06 Nov 2019
     12	07 Nov 2019
     12	09 Nov 2019
      1	10 Nov 2019
      4	16 Nov 2019
      7	17 Nov 2019
      4	19 Nov 2019
     45	21 Nov 2019
     33	22 Nov 2019
     23	23 Nov 2019
     47	27 Nov 2019
     16	28 Nov 2019
      3	29 Nov 2019
      6	03 Dec 2019
     14	04 Dec 2019
      8	06 Dec 2019
     23	07 Dec 2019
      8	16 Dec 2019
     28	19 Dec 2019
     11	20 Dec 2019
      6	21 Dec 2019
     30	22 Dec 2019
    134	23 Dec 2019
     33	26 Dec 2019
     16	04 Jan 2020
     72	10 Jan 2020
      1	11 Jan 2020
